89035938227|0
89104738853|0
89265577127|0
89266761553|0
89653167997|0
89031615230|0
89032147181|0
89032677554|0
89066102889|0
89167348138|0
89262336915|0
89265317113|0
89265809210|0
89161263500|0
89096643878|0
89265680520|0
89263637003|0
89067580952|0
89265547880|0
89268477783|0
89261666560|0
89269589909|0
89266720923|0
89264550404|0
89651082922|0
89099823957|0
89260626043|0
89852979507|0
89262783580|0
89031979645|0
89055065496|0
89263279537|0
89260101986|0
89636456251|0
89264384232|0
89264186256|0
89250468645|0
89266596496|0
89258498064|0
89266936408|0
89266811261|0
89067397682|0
89032238381|0
89672646992|0
89264095196|0
89104289464|0
89055669619|0
89296517648|0
89265515919|0
89264357649|0
89162038604|0
89167300004|0
89266000590|0
89261941503|0
89037978774|0
89853058815|0
89099469602|0
89254145474|0
89035757873|0
89153986561|0
89262853992|0
89263413426|0
89264965910|0
89035414727|0
89264315609|0
89175372975|0
89267544749|0
89166342859|0
89169987955|0
89261899710|0
89267719977|0
89096604702|0
89037596370|0
89032809794|0
89154148860|0
89262569429|0
89096875930|0
89031375264|0
89099554130|0
89168725050|0
89261840401|0
89037120929|0
89032420045|0
89263769599|0
89265864075|0
89652762946|0
89099485748|0
89150630322|0
89261770564|0
89057509737|0
89265612177|0
89099623127|0
89267220535|0
89096222245|0
89060482370|0
89263599936|0
89268481678|0
89096570399|0
89267568326|0
89266675696|0
89267807367|0
89261599973|0
89269105092|0
89639636712|0
89250293159|0
89035671498|0
89852672113|0
89670159149|0
89261753057|0
89169034142|0
89268547192|0
89163558513|0
89104892634|0
89167842970|0
89253738645|0
89263291441|0
89035554038|0
89262583096|0
89851666192|0
89057921119|0
89637703718|0
89263442545|0
89096238298|0
89037293156|0
89031381576|0
89261680776|0
89060473251|0
89057822263|0
89175518834|0
89060591570|0
89060322276|0
89163168954|0
89039638349|0
89039624929|0
89031401108|0
89197287260|0
89264807359|0
89295857152|0
89055073185|0
89169775464|0
89857644542|0
89263601976|0
89629694857|0
89153236543|0
89629004216|0
89265823105|0
89266559242|0
89264984947|0
89262760850|0
89645768918|0
89265647587|0
89261828105|0
89169055600|0
89031034568|0
89636378687|0
89262891239|0
89055785532|0
89055405959|0
89266744147|0
89036897628|0
89263975752|0
89035101589|0
89055969555|0
89629379732|0
89037754104|0
89161800293|0
89269579903|0
89260735041|0
89263175062|0
89264649179|0
89645256859|0
89099960654|0
89268674503|0
89647047521|0
89299799549|0
89267039243|0
89258884064|0
89055385547|0
89032260064|0
89250557081|0
89099542851|0
89264964218|0
89031101901|0
89672904006|0
89265539665|0
89099642069|0
89851679438|0
89263474525|0
89265478841|0
89296540612|0
89265536888|0
89262225514|0
89264329822|0
89169049844|0
89265667682|0
89607205535|0
89629256260|0
89267873678|0
89151529722|0
89652125801|0
89853024712|0
89151878348|0
89067397412|0
89261754047|0
89639663706|0
89055196172|0
89035822052|0
89264615688|0
89251987141|0
89055582296|0
89032375158|0
89032608274|0
89269442025|0
89263540027|0
89265387051|0
89267140660|0
89031054213|0
89160420628|0
89163230893|0
89152026584|0
89263683487|0
89031583161|0
89261846814|0
89266816909|0
89250319953|0
89261555724|0
89267099198|0
89268987755|0
89639777626|0
89670729355|0
89035602029|0
89250637837|0
89039627706|0
89652585393|0
89037344062|0
89652678749|0
89261794082|0
89263899168|0
89055019228|0
89267208430|0
89262685209|0
89262831885|0
89060579353|0
89266209104|0
89686157671|0
89264384468|0
89057170808|0
89269588899|0
89037665961|0
89161074091|0
89067718163|0
89689076650|0
89263106360|0
89067786612|0
89645162177|0
89263179497|0
89099521508|0
89096943587|0
89037891632|0
89265559815|0
89296105272|0
89037603852|0
89099568243|0
89268414551|0
89265451724|0
89269679221|0
89091606978|0
89167452074|0
89096984990|0
89645997271|0
89031966967|0
89264999785|0
89096990205|0
89267149477|0
89265691894|0
89037351024|0
89263721052|0
89265882892|0
89032837121|0
89037738326|0
89687837363|0
89261379362|0
89257342385|0
89099992112|0
89035923957|0
89031924435|0
89035119170|0
89096291998|0
89267529711|0
89031891818|0
89175424952|0
89057681694|0
89629895648|0
89168648741|0
89152248458|0
89265964341|0
89261338085|0
89035428095|0
89036859070|0
89652026907|0
89257801345|0
89035685234|0
89066229616|0
89263586685|0
89261615656|0
89263266663|0
89629880183|0
89067802161|0
89269669056|0
89096865817|0
89030056013|0
89099175559|0
89055308623|0
89160412550|0
89251464883|0
89060453543|0
89652436506|0
89261371371|0
89036641910|0
89099241557|0
89035997592|0
89250473423|0
89265471055|0
89265675251|0
89670455960|0
89265665919|0
89264798330|0
89167728220|0
89263408050|0
89067212637|0
89263179975|0
89261045294|0
89160026767|0
89067151033|0
89164411813|0
89251676168|0
89096879427|0
89268309582|0
89296795594|0
89261735463|0
89099521052|0
89262155108|0
89060861942|0
89031754849|0
89169556808|0
89263800207|0
89263403981|0
89296339064|0
89037631913|0
89652144408|0
89266592394|0
89031174341|0
89154184236|0
89636458078|0
89255458949|0
89151202649|0
89160594893|0
89269671540|0
89031031253|0
89197203747|0
89251468114|0
89260801630|0
89161602770|0
89026138640|0
89057553851|0
89057643140|0
89672331974|0
89854181224|0
89261385273|0
89175320503|0
89263246045|0
89262131644|0
89197272551|0
89263807927|0
89057348743|0
89250796423|0
89671040807|0
89060988772|0
89262641194|0
89095420916|0
89037185228|0
89261333161|0
89268431653|0
89637707699|0
89032154122|0
89261118103|0
89166713552|0
89035103325|0
89265793924|0
89268382783|0
89267294745|0
89636571066|0
89099035199|0
89099936453|0
89261742406|0
89265882817|0
89263573168|0
89269004412|0
89262582576|0
89266936619|0
89036741255|0
89687842565|0
89067777793|0
89266602330|0
89263892786|0
89150437114|0
89261435480|0
89055624098|0
89261345705|0
89162693291|0
89096934648|0
89299765649|0
89265932451|0
89167178539|0
89268849107|0
89686671057|0
89065406402|0
89037871309|0
89161967371|0
89267229791|0
89261021088|0
89268773398|0
89638524058|0
89055569728|0
89263894652|0
89057068653|0
89169855744|0
89670392912|0
89670915820|0
89263555791|0
89264778618|0
89055245030|0
89636480607|0
89067021268|0
89155352674|0
89671802276|0
89269420255|0
89263601393|0
89262636905|0
89267222542|0
89267367192|0
89629629485|0
89629630468|0
89165554603|0
89154953705|0
89265424442|0
89263396514|0
89060583373|0
89653631588|0
89263958529|0
89266513612|0
89262562612|0
89265869732|0
89265682190|0
89031758889|0
89266513313|0
89265124643|0
89039663412|0
89166167137|0
89267335047|0
89031264416|0
89031120005|0
89067784641|0
89265655021|0
89267940600|0
89265960285|0
89267141018|0
89160149622|0
89629182843|0
89268828493|0
89032182521|0
89265381665|0
89264278585|0
89262940351|0
89036877922|0
89031029133|0
89261349159|0
89104254519|0
89647831925|0
89851553980|0
89099773717|0
89263434473|0
89099507386|0
89264689037|0
89265892704|0
89258598023|0
89164998530|0
89262633764|0
89269001557|0
89057773847|0
89263536490|0
89261349872|0
89295829812|0
89175014404|0
89055843951|0
89032363583|0
89060969739|0
89067168573|0
89175248131|0
89161590095|0
89099771255|0
89264824628|0
89629526192|0
89032855584|0
89154293094|0
89037738737|0
89636536890|0
89099296279|0
89263760691|0
89067140904|0
89161063011|0
89057057379|0
89164730499|0
89260600068|0
89269637298|0
89032939573|0
89099497245|0
89263673038|0
89032499936|0
89296805542|0
89266132212|0
89250703080|0
89096754264|0
89258420371|0
89067806870|0
89636578292|0
89254160507|0
89160371092|0
89104434363|0
89261997775|0
89067957866|0
89653019547|0
89263572722|0
89265805572|0
89269491456|0
89651941368|0
89258279959|0
89168505128|0
89647688713|0
89039627917|0
89057461413|0
89032583994|0
89175838190|0
89269309421|0
89099560564|0
89055376039|0
89099062042|0
89250695211|0
89296444190|0
89262766143|0
89851400529|0
89264690459|0
89851226960|0
89035007952|0
89854804697|0
89169242581|0
89096873169|0
89055869256|0
89856451234|0
89295511757|0
89263160101|0
89261449478|0
89267992761|0
89096592001|0
89263079308|0
89032097434|0
89629558324|0
89067390135|0
89037761921|0
89651222792|0
89637704084|0
89265584885|0
89099294315|0
89153444176|0
89261004213|0
89060676769|0
89851592009|0
89030132776|0
89264923865|0
89672137521|0
89637705763|0
89060475172|0
89672762719|0
89039658480|0
89263190169|0
89853354853|0
89037561515|0
89637517997|0
89250044492|0
89032345132|0
89265730734|0
89262469236|0
89296381483|0
89055229568|0
89265903114|0
89057024659|0
89154230767|0
89031146974|0
89263935016|0
89268772355|0
89266016328|0
89067047666|0
89266248322|0
89250463668|0
89250794084|0
89265842527|0
89035788483|0
89260752265|0
89672131439|0
89856474716|0
89191033847|0
89296102347|0
89629580851|0
89032504231|0
89031762271|0
89060918127|0
89268422956|0
89099850637|0
89168732533|0
89264228688|0
89051020689|0
89164419155|0
89263401101|0
89269587090|0
89057763779|0
89263854157|0
89039634624|0
89169246926|0
89261160606|0
89261674090|0
89263930857|0
89036663814|0
89067631533|0
89637707902|0
89636318476|0
89258838928|0
89261714128|0
89645288222|0
89165100889|0
89151995169|0
89268774071|0
89265920171|0
89263767255|0
89263263278|0
89250764010|0
89162597997|0
89057584105|0
89296743368|0
89031229395|0
89031830937|0
89295663149|0
89035974339|0
89032941460|0
89067399595|0
89263087334|0
89067223176|0
89636575556|0
89060512941|0
89263253684|0
89266642653|0
89629840051|0
89299372973|0
89099225358|0
89262670956|0
89250647770|0
89104919288|0
89163368841|0
89671164149|0
89164832891|0
89166832649|0
89060392416|0
89296570492|0
89032885402|0
89263517100|0
89773262624|0
89645372101|0
89260460669|0
89036274602|0
89647898288|0
89263517155|0
89263533391|0
89099370685|0
89167284634|0
89267987411|0
89165103244|0
89264044094|0
89261256383|0
89169615310|0
89260844808|0
89265539145|0
89164477994|0
89261875411|0
89261758291|0
89036727785|0
89261690171|0
89263503024|0
89262817736|0
89260819581|0
89057503952|0
89636528820|0
89296102351|0
89671945213|0
89261794604|0
89263316679|0
89036851782|0
89265696081|0
89263483498|0
89154957758|0
89258844395|0
89265687579|0
89265956881|0
89060876470|0
89671335349|0
89032512859|0
89168433483|0
89036819996|0
89057218124|0
89261688138|0
89250794166|0
89032939274|0
89268953460|0
89265744971|0
89263528091|0
89161338981|0
89067021207|0
89296241068|0
89269175160|0
89055154551|0
89031126800|0
89057378007|0
89267476496|0
89154704359|0
89032334118|0
89032965013|0
89166185769|0
89268307341|0
89153594838|0
89264174271|0
89653501456|0
89152773753|0
89261771066|0
89269887211|0
89032030115|0
89099442799|0
89036268789|0
89653506089|0
89299943550|0
89269175450|0
89152971060|0
89096243282|0
89011854569|0
89262580295|0
89060920835|0
89153990964|0
89266192301|0
89672807623|0
89251552175|0
89267651525|0
89035514384|0
89162070642|0
89261735704|0
89265600384|0
89251513976|0
89637701231|0
89032807790|0
89035283281|0
89637231810|0
89054746403|0
89035124708|0
89269908000|0
89108585537|0
89164711117|0
89152795537|0
89261677961|0
89299749198|0
89261291994|0
89264561363|0
89651903780|0
89267965314|0
89251236262|0
89035786663|0
89261483111|0
89066434910|0
89851688304|0
89032287397|0
89264226776|0
89057276266|0
89261443764|0
89032234422|0
89055712123|0
89067094214|0
89267243214|0
89107783065|0
89032220888|0
89265650934|0
89031558299|0
89032652126|0
89268670088|0
89265959195|0
89269110345|0
89165750256|0
