89035391636|0
89035449143|0
89037187668|0
89036720777|0
89055696412|0
89056187527|0
89067397420|0
89091550440|0
89091586498|0
89096531784|0
89096765485|0
89099098386|0
89099931669|0
89099933448|0
89104004359|0
89110030610|0
89150022026|0
89153914316|0
89154573597|0
89166310944|0
89169931457|0
89175717609|0
89260180816|0
89260804582|0
89261155507|0
89261193189|0
89261712262|0
89261790065|0
89261790531|0
89261816305|0
89261880195|0
89262119461|0
89262735788|0
89263441525|0
89264261858|0
89264509567|0
89264553260|0
89265531896|0
89265993861|0
89266183124|0
89266513604|0
89266559890|0
89267052263|0
89267172571|0
89267558812|0
89269122198|0
89269747711|0
89295600156|0
89299501418|0
89299930070|0
89464390226|0
89629539287|0
89636079348|0
89853349278|0
89636770361|0
89636889986|0
89637703408|0
89651420878|0
89653497052|0
89654142147|0
89670233712|0
89687082965|0
89852256489|0
89853353294|0
89030097129|0
89031028757|0
89031397667|0
89031437217|0
89031864016|0
89032198244|0
89032345031|0
89032386060|0
89032974157|0
89035251686|0
89035341582|0
89035705723|0
89036237723|0
89036752648|0
89169639196|0
89037575430|0
89055254666|0
89055491285|0
89997110797|0
89055975315|0
89057073898|0
89057350946|0
89057407909|0
89057481817|0
89057720575|0
89060440993|0
89067865789|0
89067922850|0
89067923126|0
89099725286|0
89104153910|0
89151758150|0
89153548757|0
89154988218|0
89164758829|0
89165894919|0
89166288110|0
89167302717|0
89167342718|0
89168331343|0
89168574122|0
89169869915|0
89175724258|0
89175973168|0
89250038022|0
89250658365|0
89253710603|0
89257054322|0
89263004733|0
89263181588|0
89263251747|0
89263264910|0
89263377766|0
89263730318|0
89263888244|0
89263889330|0
89264261857|0
89264284041|0
89264519337|0
89264625047|0
89265214653|0
89265278480|0
89265329374|0
89265521746|0
89265682188|0
89265744697|0
89265959000|0
89265961631|0
89267052483|0
89267989637|0
89268250477|0
89296460134|0
89636128376|0
89652984734|0
89091603350|0
89099474748|0
89164412977|0
89067432817|0
89104029567|0
89032937852|0
89035598478|0
89167761432|0
89091560524|0
89629581321|0
89032599665|0
89175550602|0
89262624804|0
89031170053|0
89151211507|0
89262566349|0
89263407832|0
89035307725|0
89262741315|0
89637722414|0
89096631904|0
89264125140|0
89153958094|0
89260819523|0
89268772903|0
89057800632|0
89263850355|0
89261707402|0
89258872290|0
89057093550|0
89096250221|0
89636484563|0
89067391787|0
89254427664|0
89067555714|0
89031505745|0
89031077798|0
89261384727|0
89851914174|0
89652542551|0
89263571324|0
89099817173|0
89091013380|0
89263071537|0
89672951778|0
89671829486|0
89096987638|0
89269811491|0
89032767133|0
89104487883|0
89265575992|0
89263475625|0
89264758013|0
89263309183|0
89265984309|0
89055620683|0
89067257975|0
89267210379|0
89258224547|0
89031181922|0
89031979445|0
89055143493|0
89263239344|0
89263884002|0
89031506201|0
89269002544|0
89175078396|0
89261688604|0
89032741449|0
89636724081|0
89031831227|0
89629318542|0
89636796094|0
89162616301|0
89150082156|0
89623693549|0
89854274913|0
89055214115|0
89268687089|0
89032770698|0
89262622980|0
89264695846|0
89258912286|0
89060832391|0
89686671595|0
89268754933|0
89269436526|0
89261874434|0
89852527826|0
89167751333|0
89034962502|0
89060943867|0
89269611178|0
89031284508|0
89037153002|0
89160538523|0
89175642278|0
89035915611|0
89266083468|0
89267098759|0
89031606894|0
89629515982|0
89652767437|0
89067425631|0
89261794039|0
89199965629|0
89265912758|0
89645370757|0
89263690041|0
89251945269|0
89265697880|0
89161044167|0
89265774562|0
89057076387|0
89264045305|0
89265696684|0
89037351012|0
89057611716|0
89268612459|0
89261589484|0
89067084515|0
89266358487|0
89261806648|0
89265560232|0
89099964947|0
89250387845|0
89057578182|0
89265601745|0
89637211443|0
89263061041|0
89324178457|0
89037776759|0
89168182148|0
89035402494|0
89035748124|0
89260793655|0
89261021305|0
89039636343|0
89099858747|0
89067560095|0
89261338053|0
89055075775|0
89265749600|0
89637648250|0
89175778207|0
89266351477|0
89267374537|0
89261003446|0
89055612497|0
89265270218|0
89269065315|0
89169855626|0
89639983453|0
89060823816|0
89653434140|0
89853062096|0
89260719577|0
89266223111|0
89299848742|0
89060725782|0
89067544545|0
89263553625|0
89651946095|0
89175286575|0
89251485988|0
89035225568|0
89651327823|0
89039674342|0
89264948293|0
89057438717|0
89156774793|0
89265462730|0
89269626446|0
89266994045|0
89161758031|0
89099894226|0
89268502777|0
89267378717|0
89257160046|0
89162451045|0
89265754800|0
89268837026|0
89653643403|0
89263088462|0
89035036727|0
89263351593|0
89039716128|0
89104708834|0
89167957123|0
89035600971|0
89035987697|0
89164800066|0
89032933829|0
89099933440|0
89265892524|0
89035408500|0
89257024024|0
89629114121|0
89263119532|0
89265696947|0
89652902415|0
89652053494|0
89265623557|0
89032935556|0
89853058986|0
89268953516|0
89262711809|0
89250720525|0
89263209765|0
89263358858|0
89639230898|0
89104273792|0
89296060063|0
89263624648|0
89636759383|0
89262407009|0
89191004370|0
89263491693|0
89035276860|0
89055809702|0
89267191495|0
89265997876|0
89151639458|0
89031512598|0
89057259936|0
89261337863|0
89037154847|0
89037482410|0
89267009966|0
89260815113|0
89251471415|0
89261308492|0
89060994424|0
89651505084|0
89859761528|0
89265674503|0
89296257336|0
89031170516|0
89265902573|0
89264221911|0
89164223970|0
89165321768|0
89258285810|0
89261004227|0
89060495553|0
89250404730|0
89067725005|0
89067496626|0
89269587124|0
89035771469|0
89260374000|0
89035925922|0
89653902480|0
89265520246|0
89035745161|0
89265699072|0
89150451376|0
89057174512|0
89032648516|0
89250715501|0
89104872009|0
89264077575|0
89165992847|0
89263208472|0
89055826694|0
89035463445|0
89037918986|0
89263394153|0
89261652313|0
89091666495|0
89268261353|0
89264947661|0
89165099765|0
89250319966|0
89032964026|0
89258886609|0
89031990934|0
89258250995|0
89269748471|0
89261691944|0
89261985683|0
89645369295|0
89057742375|0
89851858571|0
89154827939|0
89162034910|0
89169708137|0
89262720250|0
89263020934|0
89265675115|0
89268966103|0
89035305055|0
89645980763|0
89253315718|0
89253351484|0
89264580548|0
89036612419|0
89266934869|0
89645523507|0
89096524722|0
89258294172|0
89099857827|0
89163303189|0
89652919019|0
89261537743|0
89261505562|0
89260828719|0
89261384685|0
89060691057|0
89032234259|0
89636583083|0
89262672069|0
89295508439|0
89150100433|0
89250387817|0
89057422973|0
89104203794|0
89031115610|0
89060477774|0
89263245151|0
89267317668|0
89637707675|0
89037640388|0
89265983704|0
89031850007|0
89060903314|0
89265680489|0
89067049030|0
89262099052|0
89265252930|0
89639578306|0
89851400129|0
89250535424|0
89998612161|0
89250480158|0
89035681919|0
89645321930|0
89037310585|0
89035251022|0
89264818327|0
89055904846|0
89037899609|0
89651102939|0
89067897453|0
89036729172|0
89254492149|0
89637703698|0
89629809372|0
89264633777|0
89161519333|0
89261616129|0
89268670683|0
89164430669|0
89161320467|0
89057699242|0
89032130452|0
89263689512|0
89099569564|0
89055858176|0
89104303479|0
89258819888|0
89032809246|0
89261775575|0
89099985400|0
89032839036|0
89266554391|0
89629478048|0
89099620557|0
89851223120|0
89295505344|0
89263780491|0
89032974577|0
89039779644|0
89653549306|0
89260276637|0
89067091591|0
89263054818|0
89251683034|0
89268851492|0
89262210190|0
89263086428|0
89261004519|0
89645146484|0
89261455682|0
89035163778|0
89035724246|0
89032407319|0
89060420434|0
89653292747|0
89636492397|0
89651631792|0
89262277176|0
89260309002|0
89035319299|0
89252019170|0
89191033106|0
89265434268|0
89096243177|0
89852166918|0
89260911802|0
89197284006|0
89639736407|0
89166001268|0
89260159795|0
89032213260|0
89260348321|0
89169035029|0
89269306640|0
89153900251|0
89057882546|0
89055552958|0
89269348296|0
89096481417|0
89057348581|0
89263726017|0
89266788335|0
89636348840|0
89267087289|0
89629859703|0
89250322495|0
89164373802|0
89266925826|0
89264236508|0
89264902656|0
89266916134|0
89035456531|0
89096589673|0
89055571904|0
89060633380|0
89067214780|0
89261735467|0
89261995712|0
89263763628|0
89267257959|0
89629747150|0
89852678464|0
89096249362|0
89260681167|0
89261869300|0
89261939091|0
89265510858|0
89258271807|0
89067678045|0
89639791482|0
89055644382|0
89636618728|0
89263156687|0
89037841376|0
89150099989|0
89096808590|0
89859733390|0
89261305164|0
89269591168|0
89263986839|0
89265270375|0
89267635893|0
89055623715|0
89263909943|0
89851471466|0
89652816936|0
89162988384|0
89262380964|0
89265798404|0
89258282547|0
89060892623|0
89055325624|0
89296638870|0
89264193838|0
89268161600|0
89167262285|0
89261739796|0
89268614476|0
89152116634|0
89261773778|0
89031508582|0
89031456642|0
89250753820|0
89250512184|0
89253557507|0
89031318134|0
89032541534|0
89036673531|0
89175489410|0
89295890010|0
89104597055|0
89258799651|0
89266770794|0
89854808230|0
89160381968|0
89651944794|0
89067177303|0
89035043541|0
89268404761|0
89067249035|0
89263832110|0
89260172564|0
89265613999|0
89154089841|0
89267391443|0
89031017542|0
89267281462|0
89035556552|0
89035319739|0
89250037981|0
89197201213|0
89266931018|0
89250659972|0
89250002267|0
89091686825|0
89266381230|0
89263037140|0
89265202364|0
89261403355|0
89267281463|0
89169659952|0
89629223129|0
89035858566|0
89099297340|0
89039634777|0
89264392540|0
89055565263|0
89269669417|0
89269192640|0
89031137215|0
89268754810|0
89057574808|0
89260165009|0
89266195623|0
89637864494|0
89032561273|0
89672890979|0
89260564401|0
89263369536|0
89032500350|0
89263685529|0
89031173827|0
89636517042|0
89165604451|0
89268238474|0
89150406434|0
89636368273|0
89203773814|0
89261570418|0
89268399777|0
89263999696|0
89055174812|0
89267777725|0
89039664244|0
89267331226|0
89035215084|0
89035322402|0
89267817498|0
89629895523|0
89036860159|0
89262381361|0
89636712492|0
89629527802|0
89258760271|0
89261550915|0
89055968569|0
89261887458|0
89263179098|0
89261850789|0
89031351807|0
89057969942|0
89263967727|0
89096450297|0
89857712010|0
89262907922|0
89261369563|0
89057223446|0
89160946053|0
89629029896|0
89057187507|0
89100136619|0
89031876119|0
89262897785|0
89267778462|0
89099933354|0
89296123618|0
89670296560|0
89267345699|0
89163435769|0
89201352970|0
89268867535|0
89267198464|0
89031574450|0
89260234859|0
89266024572|0
89035003506|0
89261627150|0
89175446310|0
89637720131|0
89261771252|0
89261890979|0
89851543836|0
89031115339|0
89265323666|0
89262831834|0
89099199402|0
89261855620|0
89852446281|0
89057450866|0
89060347536|0
89267172523|0
89060637603|0
89163413411|0
89263711528|0
89032022731|0
89263187257|0
89057107206|0
89055630072|0
89035468337|0
89263174855|0
89629068081|0
89637722149|0
89057374988|0
89055006727|0
89164510149|0
89264204138|0
89035786805|0
89269337362|0
89639668058|0
89260326944|0
89055270977|0
89031603348|0
89645761596|0
89032208880|0
89264669304|0
89035845807|0
89031146962|0
89267759941|0
89032939979|0
89035822523|0
89264992066|0
89253626600|0
89295767508|0
89163190862|0
89685608852|0
89263041731|0
89264960357|0
89265471171|0
89262683589|0
89269678602|0
89031058304|0
89263892865|0
89265440710|0
89153711978|0
89032936196|0
89661080218|0
89261880858|0
89266542829|0
89166497097|0
89269528088|0
89057265338|0
89055921614|0
89264633242|0
89269418869|0
89258673750|0
89651403119|0
89150818794|0
89030004077|0
89261862363|0
