89269591505|0
89209340995|0
89853857457|0
89161062391|0
89257293937|0
89269216120|0
89166233902|0
89670694473|0
89067455418|0
89067504073|0
89652593682|0
89264468464|0
89263652283|0
89266509759|0
89037149738|0
89637704140|0
89264849225|0
89261959445|0
89261670686|0
89258618987|0
89260844170|0
89265881703|0
89267774767|0
89263634646|0
89260609090|0
89151092429|0
89264995003|0
89269870102|0
89670294470|0
89067112358|0
89150993235|0
89645935884|0
89268110304|0
89060629733|0
89636075400|0
89165458949|0
89096843610|0
89099048279|0
89032210918|0
89032788243|0
89055940452|0
89031254761|0
89251913394|0
89035375985|0
89269013017|0
89168552004|0
89262711765|0
89104201624|0
89060641906|0
89035780467|0
89175063409|0
89261493492|0
89035293214|0
89035786846|0
89154021833|0
89035720123|0
89099478817|0
89035114256|0
89096734218|0
89060475617|0
89265946673|0
89263603755|0
89151406032|0
89032913840|0
89035991140|0
89057954211|0
89032934632|0
89055315345|0
89035280979|0
89265752069|0
89057709806|0
89265744833|0
89623670073|0
89175711944|0
89163529269|0
89772609536|0
89036890892|0
89031739113|0
89067350694|0
89266270344|0
89035980678|0
89633203332|0
89031990946|0
89998349876|0
89266767777|0
89060571256|0
89261819125|0
89037752483|0
89295452466|0
89263615446|0
89165703544|0
89060875090|0
89032554812|0
89037162504|0
89852188776|0
89265943445|0
89261231907|0
89265380519|0
89261826471|0
89269869793|0
89262652472|0
89032398938|0
89096304710|0
89032227862|0
89629601158|0
89067093184|0
89031609331|0
89164466645|0
89265859780|0
89262210176|0
89031671293|0
89266909269|0
89267063902|0
89267217458|0
89032838061|0
89263389879|0
89060719362|0
89265997082|0
89067051851|0
89269901520|0
89057494091|0
89167530222|0
89265516879|0
89057833112|0
89260159927|0
89268387654|0
89261419281|0
89264092484|0
89263602031|0
89032197171|0
89263373225|0
89036877689|0
89267246076|0
89265959218|0
89055125840|0
89031216656|0
89175176689|0
89099282084|0
89055133439|0
89055890068|0
89264170122|0
89265254125|0
89035689534|0
89067710063|0
89263175096|0
89162490987|0
89037846751|0
89854326422|0
89262903116|0
89296468887|0
89261470229|0
89030146129|0
89629593742|0
89261847853|0
89637422218|0
89167368376|0
89261862212|0
89265626276|0
89150433826|0
89263281689|0
89265658257|0
89055326930|0
89265813738|0
89163627432|0
89167087832|0
89057667738|0
89167236122|0
89263881717|0
89096270890|0
89645997030|0
89265550264|0
89030181123|0
89263971838|0
89036227889|0
89057446502|0
89265267187|0
89065100201|0
89104671752|0
89261345052|0
89268522463|0
89265993182|0
89099693728|0
89035904087|0
89263511393|0
89264089830|0
89057201469|0
89265711500|0
89036771198|0
89261838662|0
89055277102|0
89035395507|0
89099522313|0
89167426008|0
89261611161|0
89296407679|0
89057448967|0
89261534616|0
89037002457|0
89261852818|0
89060736208|0
89032563973|0
89161456154|0
89264660056|0
89162193217|0
89265741361|0
89636039194|0
89261520914|0
89037389675|0
89856413612|0
89104762330|0
89032412108|0
89263811496|0
89035657173|0
89269036313|0
89263813705|0
89098525765|0
89104182282|0
89264142456|0
89036283037|0
89060477369|0
89265535962|0
89032806727|0
89265846623|0
89031794359|0
89268758586|0
89057745957|0
89295902025|0
89154743195|0
89015202628|0
89035727457|0
89065646549|0
89035510599|0
89637515876|0
89057080490|0
89067916041|0
89263442507|0
89261407369|0
89168858179|0
89299900725|0
89030131936|0
89032934478|0
89067038154|0
89262820451|0
89060326729|0
89153541620|0
89055012858|0
89035308454|0
89031311094|0
89161044881|0
89265783035|0
89031289046|0
89265969037|0
89263442540|0
89032008086|0
89035449379|0
89067963092|0
89096975986|0
89299928965|0
89629785866|0
89637707637|0
89154661082|0
89262648189|0
89261602179|0
89031004681|0
89059781441|0
89611928433|0
89060691068|0
89260388748|0
89267232596|0
89036835886|0
89057251119|0
89067223171|0
89035473847|0
89267878131|0
89261777392|0
89037727063|0
89260460218|0
89263276300|0
89154964560|0
89037437669|0
89263316301|0
89265871481|0
89265623551|0
89265803661|0
89055137789|0
89269190602|0
89263945929|0
89031496231|0
89269501518|0
89268860577|0
89267875262|0
89035134897|0
89032501573|0
89055690607|0
89263940430|0
89263640813|0
89263387699|0
89265758260|0
89295630541|0
89067504663|0
89265711593|0
89265956883|0
89037882605|0
89035736869|0
89265231540|0
89163236869|0
89055746299|0
89035017203|0
89265539545|0
89176754877|0
89104377976|0
89032442225|0
89262583077|0
89168443191|0
89262650273|0
89055134609|0
89067299336|0
89629521482|0
89266537739|0
89035788734|0
89161044158|0
89091567129|0
89031376829|0
89250856860|0
89261854555|0
89687384300|0
89262350520|0
89166752960|0
89161812017|0
89152002200|0
89035478307|0
89039663736|0
89265655025|0
89629098995|0
89265925359|0
89266934864|0
89998117508|0
89266879513|0
89689491200|0
89265447025|0
89167389266|0
89263382686|0
89269894641|0
89671630293|0
89263407108|0
89096697921|0
89032741319|0
89268304264|0
89032514519|0
89265680806|0
89268106575|0
89032129334|0
89268478742|0
89167120371|0
89166454508|0
89032117116|0
89265480570|0
89037897024|0
89037522903|0
89269561093|0
89032158225|0
89169880123|0
89263152552|0
89258853800|0
89057948544|0
89039752552|0
89261772461|0
89067226546|0
89268807233|0
89164347069|0
89166463977|0
89265959136|0
89266885454|0
89037792594|0
89032031426|0
89032868272|0
89250242766|0
89048635370|0
89672575730|0
89299971875|0
89258047044|0
89263396516|0
89269596000|0
89265886934|0
89057442682|0
89165347252|0
89167755819|0
89262621208|0
89629808709|0
89057863745|0
89164420243|0
89263400766|0
89261386671|0
89263311307|0
89267258942|0
89067223153|0
89037137116|0
89263661601|0
89295075933|0
89261952462|0
89067846256|0
89253025053|0
89067309250|0
89296099376|0
89260670713|0
89031045571|0
89057952248|0
89057766369|0
89031104030|0
89036697869|0
89055597891|0
89263527734|0
89262322782|0
89035738847|0
89055075415|0
89262767606|0
89067731248|0
89268464004|0
89296845476|0
89262201307|0
89031432304|0
89265677556|0
89605024910|0
89268478739|0
89265381982|0
89269001675|0
89265853979|0
89031705660|0
89030139982|0
89265742630|0
89067251688|0
89853170745|0
89032273310|0
89263848475|0
89168886452|0
89266884572|0
89268859488|0
89031347102|0
89031936697|0
89269176754|0
89165569729|0
89099451365|0
89037792596|0
89265920177|0
89263417495|0
89096828489|0
89032237901|0
89857781070|0
89091658824|0
89251289664|0
89263483366|0
89067504406|0
89267105398|0
89265423994|0
89261564702|0
89167985625|0
89263644376|0
89055779494|0
89060839390|0
89265948032|0
89652239515|0
89262571628|0
89035940027|0
89671413919|0
89839131365|0
89261627171|0
89035287104|0
89035654507|0
89265851884|0
89607113210|0
89057953936|0
89262560121|0
89167812316|0
89265326636|0
89150978062|0
89258070068|0
89055467945|0
89267258319|0
89261301677|0
89055719181|0
89263835785|0
89035215630|0
89265542623|0
89039663292|0
89262585640|0
89857226885|0
89299360445|0
89265950861|0
89057297516|0
89263798382|0
89262510795|0
89296428735|0
89261808884|0
89261652339|0
89262719195|0
89060829319|0
89035001613|0
89264936553|0
89163301303|0
89055701829|0
89264801737|0
89265719448|0
89250150402|0
89260923509|0
89625727751|0
89055892505|0
89032060163|0
89266695391|0
89091528029|0
89161165542|0
89153132443|0
89032565796|0
89263798421|0
89262849708|0
89263166599|0
89099004325|0
89031122195|0
89261857086|0
89055638474|0
89261699998|0
89154269011|0
89099397592|0
89057542126|0
89037265732|0
89060688504|0
89037499941|0
89030196729|0
89261472422|0
89853059014|0
89055420590|0
89269589858|0
89037580346|0
89055932529|0
89264477750|0
89263407825|0
89035391621|0
89060999045|0
89154827933|0
89067927516|0
89262532060|0
89099202747|0
89035537899|0
89857293130|0
89032873744|0
89031559403|0
89263836429|0
89262398295|0
89031742193|0
89265932720|0
89261889142|0
89265606947|0
89154827063|0
89039527053|0
89651812528|0
89037827365|0
89032561502|0
89851198530|0
89151453097|0
89031157452|0
89162741781|0
89260308903|0
89267228455|0
89096502359|0
89036749045|0
89652253731|0
89266544785|0
89261385740|0
89039638507|0
89032217715|0
89166123149|0
89099296107|0
89032973819|0
89263536382|0
89263808383|0
89153102807|0
89037888864|0
89998188362|0
89167318473|0
89037444311|0
89268439466|0
89032872319|0
89162643935|0
89261441679|0
89057577133|0
89057746574|0
89160568803|0
89637701837|0
89032631600|0
89261433658|0
89165821271|0
89057057800|0
89167214831|0
89031189048|0
89263590881|0
89197281644|0
89160110723|0
89269308187|0
89265923684|0
89637724811|0
89250338828|0
89263921580|0
89686157670|0
89261770444|0
89267054108|0
89261604858|0
89268124760|0
89039630472|0
89104413639|0
89039799023|0
89261351003|0
89268462596|0
89032275919|0
89032923456|0
89269191799|0
89263604201|0
89265632929|0
89266927954|0
89265750195|0
89060887057|0
89261844884|0
89169494520|0
89152670362|0
89091650393|0
89262787947|0
89261513345|0
89162574765|0
89032702128|0
89035175043|0
89263427233|0
89263319688|0
89030067445|0
89263641789|0
89265730851|0
89031704448|0
89099646660|0
89067886090|0
89265956088|0
89269583783|0
89269094789|0
89261612760|0
89263888410|0
89262032950|0
89265956689|0
89262656016|0
89037326792|0
89055575053|0
89067325429|0
89299408755|0
89998602025|0
89267353366|0
89055746400|0
89030019997|0
89266739060|0
89261066603|0
89268199801|0
89263994424|0
89057981736|0
89199690720|0
89261531120|0
89265959186|0
89030066624|0
89261848629|0
89039663512|0
89162565631|0
89067496836|0
89629030710|0
89057038575|0
89060328671|0
89267527573|0
89057133207|0
89036296834|0
89160384622|0
89645527977|0
89162649995|0
89265849902|0
89036874189|0
89263931806|0
89647194533|0
89263503023|0
89268176276|0
89031810723|0
89032445266|0
89265849903|0
89264086195|0
89036661506|0
89157902677|0
89686765397|0
89671714129|0
89269583258|0
89263955195|0
89998138377|0
89161520488|0
89262768451|0
89261994923|0
89267342199|0
89253037066|0
89268574815|0
89296245618|0
89057264128|0
89267223434|0
89654359546|0
89265669145|0
89267235818|0
89165030244|0
89263665557|0
89164631577|0
89163766785|0
89268528134|0
89266511785|0
89161538030|0
89168231836|0
89296737720|0
89169417808|0
89636882257|0
89264659766|0
89265949579|0
89261509546|0
89267000239|0
89166713538|0
89167549200|0
89015657078|0
89260757016|0
89037635119|0
89268147693|0
89636053656|0
89162435156|0
89151310004|0
89296017702|0
89605372333|0
89031161402|0
89199627191|0
89851224091|0
89035284115|0
89851564052|0
89671735717|0
89268985523|0
89268610049|0
89263255142|0
89263238149|0
89261207349|0
89258662789|0
89169109476|0
89167776659|0
89161983227|0
89161931076|0
89104869899|0
89096697372|0
89037135020|0
89036799768|0
89031103771|0
89055428964|0
89639909400|0
89265916052|0
89262897422|0
89036645071|0
89033837077|0
89032988237|0
89032767972|0
89032508950|0
89032180995|0
89266878230|0
89266762420|0
89261523553|0
89258885930|0
89167203620|0
89165770427|0
89165592525|0
89096339559|0
89060477571|0
89057537198|0
89057265404|0
89055420457|0
89055320333|0
89055319883|0
89039733293|0
89037897002|0
89035056299|0
89032309699|0
89032060154|0
89251589230|0
89164993773|0
89037333448|0
89031559357|0
89651351223|0
89261849385|0
89191390841|0
89175661292|0
89166032191|0
89066101036|0
89055097686|0
89036791400|0
89035918178|0
89032806075|0
89031165035|0
89031173630|0
89031589282|0
89031929612|0
89031931798|0
89032501472|0
89032822682|0
89035015411|0
