89055731289|089251442755|0
89031145540|0
89161451234|0
89161635162|0
89264519634|0
89167093661|0
89252282890|0
89776200247|0
89256860999|0
89261724061|0
89268333616|0
89032979878|0
89057910274|0
89252475510|0
89637113336|0
89688179122|0
89999700712|0
89672000999|0
89852361451|0
89156548599|0
89854473033|0
89175023513|0
89053805637|0
89252889278|0
89258454354|0
89268299196|0
89774616758|0
89057524154|0
89261263022|0
89774701074|0
89036782001|0
89013838770|0
89268124261|0
89031955734|0
89651391375|0
89775776916|0
89067450593|0
89778092960|0
89037532622|0
89639785007|0
89259919161|0
89850256366|0
89852853637|0
89263524833|0
89689490649|0
89268859888|0
89779348040|0
89296151955|0
89037904781|0
89152250035|0
89296490973|0
89672646351|0
89660935476|0
89258944633|0
89997722277|0
89055355343|0
89253801078|0
89096552616|0
89296125616|0
89037119630|0
89067125764|0
89773730370|0
89262621462|0
89651290024|0
89253138783|0
89652556023|0
89167057502|0
89030134502|0
89264477769|0
89262469248|0
89265535926|0
89263409901|0
89263739109|0
89057107645|0
89999060690|0
89779725193|0
89663013313|0
89265686704|0
89036696949|0
89067801937|0
89779779858|0
89692821655|0
89151625865|0
89295248570|0
89296324867|0
89262817961|0
89771043090|0
89267846144|0
89263300949|0
89263472898|0
89265380389|0
89035219021|0
89264602959|0
89269602988|0
89772789865|0
89645311683|0
89254356223|0
89253777520|0
89660312898|0
89067884423|0
89773805388|0
89037114428|0
89653084698|0
89672696996|0
89600933991|0
89253007217|0
89251995551|0
89037583842|0
89268891941|0
89165774507|0
89031118529|0
89264774583|0
89091525212|0
89999889508|0
89067767390|0
89776136785|0
89060325727|0
89251751344|0
89197633828|0
89150009050|0
89266541755|0
89151778566|0
89268362326|0
89260203819|0
89777421530|0
89253003636|0
89855059270|0
89651756862|0
89167107594|0
89251253210|0
89687484656|0
89031112204|0
89689857538|0
89269668436|0
89099551556|0
89035330525|0
89163122229|0
89778586661|0
89253038924|0
89663686099|0
89774630075|0
89253792191|0
89685063753|0
89652017573|0
89854462151|0
89265451721|0
89651965257|0
89262905575|0
89266243013|0
89037077222|0
89169024051|0
89688498392|0
89660001063|0
89067051303|0
89035946949|0
89776511200|0
89261666778|0
89671962118|0
89651888390|0
89037385420|0
89775391345|0
89160658960|0
89689680229|0
89254687045|0
89684215213|0
89168508589|0
89653348116|0
89266893236|0
89163131818|0
89160772520|0
89269669553|0
89055971521|0
89859810314|0
89265446838|0
89037892884|0
89851485837|0
89661862573|0
89031955217|0
89169295692|0
89037148228|0
89857690296|0
89852621439|0
89268109894|0
89268809053|0
89265431299|0
89269244209|0
89164177677|0
89264976787|0
89266675725|0
89672696867|0
89774494527|0
89169240186|0
89203873837|0
89261790865|0
89776137473|0
89266790456|0
89852564507|0
89096569814|0
89262669620|0
89629468505|0
89263511151|0
89166452227|0
89999748671|0
89261770563|0
89670486484|0
89202304749|0
89252442557|0
89672647299|0
89032729169|0
89689270127|0
89775179293|0
89163051335|0
89096852721|0
89263619449|0
89163626719|0
89263589976|0
89645958686|0
89851539871|0
89637722096|0
89684949501|0
89287608997|0
89685042894|0
89605558399|0
89154390012|0
89267077750|0
89262383003|0
89295634420|0
89284175819|0
89779817023|0
89671438855|0
89037424724|0
89251507595|0
89637705691|0
89267366529|0
89671707079|0
89261539403|0
89636528048|0
89778104178|0
89175564448|0
89689754601|0
89031673172|0
89163652425|0
89858461216|0
89260649448|0
89057835975|0
89042568996|0
89637717076|0
89652158334|0
89853925550|0
89009006801|0
89269295556|0
89629814492|0
89261069995|0
89296799114|0
89099297009|0
89652122224|0
89670754181|0
89264969653|0
89683640799|0
89266925822|0
89773309640|0
89671009292|0
89292620929|0
89017459005|0
89264155316|0
89299000500|0
89998112429|0
89104126356|0
89031246207|0
89250986786|0
89264959699|0
89197777044|0
89099993303|0
89264161588|0
89099081007|0
89252990199|0
89160333312|0
89267256558|0
89268423606|0
89653150485|0
89032599092|0
89057888236|0
89639973053|0
89651882896|0
89258911693|0
89992198179|0
89036884992|0
89296763367|0
89067067762|0
89269587417|0
89998426595|0
89685995051|0
89651616989|0
89057142445|0
89645667973|0
89296704344|0
89039683247|0
89637703409|0
89258487171|0
89254940135|0
89261652963|0
89775899656|0
89038372436|0
89251207010|0
89773730262|0
89150357547|0
89265403614|0
89104430332|0
89167467940|0
89197666661|0
89636998276|0
89169097474|0
89637728822|0
89153207979|0
89097907464|0
89267847146|0
89055716563|0
89164047903|0
89266703141|0
89161410694|0
89037865875|0
89262572905|0
89164818026|0
89645543516|0
89672708660|0
89855524402|0
89253801873|0
89099095368|0
89854210873|0
89687644708|0
89506230147|0
89265826237|0
89263888225|0
89295994786|0
89161443504|0
89262643575|0
89263516631|0
89017997933|0
89261703276|0
89269679220|0
89250905373|0
89251730023|0
89686404166|0
89779443836|0
89165600504|0
89671944344|0
89778507870|0
89265795933|0
89264568599|0
89773434408|0
89670665547|0
89998068068|0
89199618624|0
89261341233|0
89684484942|0
89060525115|0
89197735025|0
89645560540|0
89159070281|0
89060876805|0
89265477323|0
89261881523|0
89771020152|0
89267338631|0
89100842792|0
89850340405|0
89255460199|0
89689283837|0
89251390479|0
89267164012|0
89163100305|0
89774626171|0
89652323491|0
89645867452|0
89686269444|0
89998673129|0
89096592279|0
89771987835|0
89057460350|0
89268461086|0
89258273559|0
89998761313|0
89168188855|0
89199917906|0
89057907651|0
89637715763|0
89263200836|0
89203343211|0
89267189113|0
89055153118|0
89060313573|0
89853336620|0
89191057720|0
89651182858|0
89262899121|0
89156244716|0
89257675339|0
89776056437|0
89913999515|0
89637720740|0
89175701281|0
89203633202|0
89150470970|0
89251919520|0
89774444090|0
89057188816|0
89998089869|0
89255889519|0
89299123346|0
89263755397|0
89671047374|0
89036690494|0
89262742867|0
89250389389|0
89257251607|0
89252787018|0
89623624320|0
89296291480|0
89260231228|0
89255741779|0
89260591925|0
89250359824|0
89651187173|0
89179771566|0
89671402757|0
89163134842|0
89269400771|0
89651466927|0
89032220664|0
89647777738|0
89672144055|0
89996780982|0
89099802537|0
89167098820|0
89685451190|0
89162984136|0
89776440629|0
89856871376|0
89057844163|0
89164725651|0
89629255288|0
89251559830|0
89258475011|0
89603812333|0
89261637872|0
89660039000|0
89261182890|0
89269121721|0
89651746646|0
89852630244|0
89268659358|0
89265278058|0
89259069050|0
89091606754|0
89258560242|0
89161490018|0
89653307870|0
89152118966|0
89296991819|0
89654343463|0
89031513169|0
89267130457|0
89144150340|0
89165698772|0
89268450655|0
89104140792|0
89637716932|0
89266769955|0
89037654310|0
89854923741|0
89267972763|0
89067799343|0
89031952801|0
89266545024|0
89771844811|0
89269534546|0
89162301377|0
89096344853|0
89262888268|0
89263656805|0
89263993995|0
89261372901|0
89265275986|0
89637706350|0
89851810726|0
89060677774|0
89629622887|0
89263603188|0
89265540128|0
89152886629|0
89998684043|0
89153869930|0
89263319848|0
89686772480|0
89060956619|0
89161315611|0
89268620702|0
89637678478|0
89163179914|0
89263989199|0
89857873622|0
89250557071|0
89032149422|0
89096359616|0
89035556005|0
89036276191|0
89637705277|0
89652042812|0
89267550697|0
89263238780|0
89091557919|0
89689477618|0
89647995989|0
89067813639|0
89629742929|0
89261305071|0
89066001102|0
89896061515|0
89258655607|0
89096569700|0
89266563754|0
89175174153|0
89857680266|0
89067679853|0
89252001710|0
89637706734|0
89295383350|0
89032041806|0
89299707295|0
89654173985|0
89998188969|0
89670163392|0
89057832444|0
89039663284|0
89060944540|0
89661071707|0
89266607952|0
89265819035|0
89629059798|0
89263084236|0
89653167040|0
89262226748|0
89637729959|0
89296561424|0
89854322253|0
89263756011|0
89153669292|0
89165681036|0
89165681036|0
89257504574|0
89633920593|0
89152808012|0
89055437734|0
89160867744|0
89295896036|0
89251000229|0
89032842891|0
89779769848|0
89268768379|0
89299200027|0
89263779896|0
89255279577|0
89637706751|0
89637720900|0
89651724296|0
89296368770|0
89032612610|0
89636979176|0
89299669959|0
89999737983|0
89096971287|0
89263574039|0
89067010386|0
89261307543|0
89260648902|0
89260648901|0
89296761860|0
89265925159|0
89269849131|0
89851496083|0
89683824475|0
89267063262|0
89153772691|0
89253216452|0
89651237488|0
89017478095|0
89663631567|0
89581278533|0
89099098020|0
89672580038|0
89651205170|0
89250119222|0
89672826615|0
89166822348|0
89167668206|0
89264814703|0
89670622777|0
89050101195|0
89295644324|0
89295346737|0
89031705450|0
89265793366|0
89167778363|0
89673137477|0
89260376044|0
89299144786|0
89999784903|0
89256445510|0
89771182012|0
89269990369|0
89057762239|0
89261017979|0
89645172227|0
89645777772|0
89851480776|0
89611953910|0
89263835059|0
89854918425|0
89259000866|0
89296709505|0
89653162159|0
89680825112|0
89688785357|0
89154257520|0
89057944252|0
89779352986|0
89152927965|0
89160035857|0
89998209731|0
89263488211|0
89295549754|0
89269588416|0
89266322152|0
89267632755|0
89295432803|0
89858310287|0
89099000311|0
89266000670|0
89254835826|0
89154547852|0
89670406986|0
89999868610|0
89035010545|0
89166896689|0
89852748738|0
89265699605|0
89162411447|0
89652420555|0
89037116245|0
89266114710|0
89269669300|0
89057275534|0
89263665650|0
89251527506|0
89267053396|0
89637648019|0
89150166520|0
89296795575|0
89099338956|0
89037088385|0
89263071651|0
89651856022|0
89060661138|0
89265470132|0
89260233990|0
89299528040|0
89637707677|0
89197866887|0
89269757144|0
89060564001|0
89263832127|0
89685004146|0
89160358129|0
89262562585|0
89652762549|0
89652260699|0
89854923092|0
89651311289|0
89851712631|0
89258485363|0
89100025888|0
89256508339|0
89061306786|0
89652764211|0
89015133135|0
89265650820|0
89375609225|0
89252056019|0
89013901888|0
89166669874|0
89260502260|0
89260823820|0
89534764076|0
89096923172|0
89262636788|0
89030083035|0
89851360485|0
89099060616|0
89268179177|0
89296626785|0
89629345958|0
89261798360|0
89851664200|0
89055917003|0
89257856752|0
89252282741|0
89268539071|0
89674162681|0
89252055149|0
89684321109|0
89268286088|0
89262291949|0
89150055561|0
89263480313|0
89852395671|0
89055069337|0
89164064598|0
89257418209|0
89099285958|0
89851131530|0
89256198757|0
89031639310|0
89099961343|0
89269666387|0
89773391688|0
89160715202|0
89149529353|0
89261292259|0
89653051804|0
89164034117|0
89039183114|0
89037846044|0
89261392497|0
89777360583|0
89060387449|0
8926 895534|0
89660836558|0
89267141201|0
89169993499|0
89251503494|0
89067799991|0
89060385572|0
89654154353|0
89163125057|0
89060947464|0
89637705357|0
89265665291|0
89154386226|0
89773470336|0
89636840481|0
89651996311|0
89262685350|0
89267037457|0
89261349151|0
89169079201|0
89262672003|0
89262879105|0
89165714752|0
89265531588|0
89683856686|0
89266811289|0
89032089405|0
89645347270|0
89253591800|0
89263957748|0
89055327983|0
89660024229|0
89250748911|0
89687380933|0
89252870043|0
89268255166|0
89261762922|0
89689522432|0
89777305795|0
89637734217|0
89684017739|0
89261586527|0
89648682065|0
89778347970|0
89152345619|0
89637722159|0
89057920583|0
89096310825|0
89263656788|0
89850750899|0
89037776044|0
89076149884|0
89689582237|0
89263731555|0
89652786990|0
89262001154|0
89650272310|0
89265528101|0
89850285800|0
89268169126|0
89260301693|0
89851624141|0
89067397639|0
89373010593|0
89175195780|0
