89685686646|0
89647998314|0
89150441724|0
89672912191|0
89261212666|0
89263639340|0
89264686028|0
89295853040|0
89175573025|0
89166152920|0
89251749296|0
89099228514|0
89264048371|0
89645910128|0
89067504778|0
89055353040|0
89036796409|0
89651710002|0
89032494909|0
89637142063|0
89260527626|0
89646297471|0
89153742113|0
89636483466|0
89661953281|0
89661953281|0
89160527974|0
89295354855|0
89151146466|0
89169712988|0
89269324342|0
89853872060|0
89264478149|0
89637700401|0
89254156077|0
89268828698|0
89295791960|0
89250654306|0
89265576001|0
89637851757|0
89258804225|0
89262683581|0
89852432516|0
89184548583|0
89636526636|0
89250319914|0
89684093778|0
89162611587|0
89032709283|0
89031568268|0
89150967455|0
89055000517|0
89259241015|0
89263646442|0
89266280876|0
89296061969|0
89067084597|0
89687595908|0
89153555372|0
89295805532|0
89104031008|0
89250022900|0
89099628316|0
89161604347|0
89651957174|0
89067297007|0
89262800898|0
89168095168|0
89264349057|0
89296096628|0
89636188880|0
89175528656|0
89279821148|0
89268148578|0
89858166110|0
89258482525|0
89152710830|0
89263759651|0
89261927605|0
89262380630|0
89262106579|0
89057644509|0
89255220882|0
89296185112|0
89250771608|0
89670388761|0
89154519072|0
89037162459|0
89099258843|0
89852053468|0
89104542858|0
89263794059|0
89255213745|0
89252780203|0
89853060068|0
89264585940|0
89260691054|0
89255933808|0
89261338527|0
89057437527|0
89106717689|0
89067743470|0
89851828446|0
89254613445|0
89067282089|0
89261603889|0
89689717307|0
89687463124|0
89162509385|0
89629066177|0
89163611803|0
89653944893|0
89264949247|0
89262788583|0
89055805124|0
89267148795|0
89150531875|0
89672102739|0
89267500657|0
89011831115|0
89168251428|0
89031660546|0
89055659695|0
89296540972|0
89057047124|0
89057047124|0
89651500810|0
89255431043|0
89067417971|0
89091590734|0
89637704147|0
89035312533|0
89256145805|0
89652901800|0
89067397421|0
89162152132|0
89261677606|0
89265804204|0
89264999955|0
89262701320|0
89654091861|0
89264253680|0
89264337464|0
89261434269|0
89261434269|0
89260710222|0
89296934296|0
89265802130|0
89268314212|0
89264076008|0
89257019997|0
89035324481|0
89037124663|0
89265805229|0
89262549096|0
89161123932|0
89268248725|0
89099589357|0
89175582755|0
89164827423|0
89257186069|0
89260122030|0
89854524854|0
89266315815|0
89261593286|0
89258798922|0
89299238816|0
89851661206|0
89671616805|0
89268478711|0
89250653857|0
89637706871|0
89661069789|0
89672547977|0
89031411262|0
89853850040|0
89263364146|0
89295888809|0
89168861816|0
89261884984|0
89055086314|0
89262221111|0
89637704777|0
89645902141|0
89263408079|0
89067567535|0
89672950038|0
89851789530|0
89253700034|0
89151170940|0
89295858858|0
89652859185|0
89169046589|0
89261599743|0
89163935027|0
89260713002|0
89636608117|0
89252387849|0
89035366922|0
89168271967|0
89265816065|0
89647061138|0
89262750263|0
89268829617|0
89165387898|0
89671410485|0
89266299464|0
89030192808|0
89268868088|0
89067508464|0
89263653348|0
89099981312|0
89164623350|0
89263739635|0
89096500745|0
89250103778|0
89039707459|0
89264691110|0
89169350065|0
89253777275|0
89260216756|0
89645051002|0
89268275282|0
89269267015|0
89265718490|0
89067749515|0
89264466513|0
89162571795|0
89104968892|0
89152507605|0
89031387924|0
89262307245|0
89296801353|0
89651725554|0
89859702739|0
89853325952|0
89031270256|0
89256322977|0
89261914757|0
89096761828|0
89032022802|0
89035202267|0
89857380177|0
89167246538|0
89296368662|0
89250797069|0
89252275667|0
89263901490|0
89261435894|0
89296414073|0
89637722122|0
89852375619|0
89261748844|0
89252880588|0
89265511697|0
89296083820|0
89151250761|0
89859787877|0
89161002192|0
89261933737|0
89158706024|0
89263698173|0
89168526698|0
89263893888|0
89262811024|0
89060626643|0
89268382808|0
89031977511|0
89637725414|0
89896305843|0
89685539077|0
89154308198|0
89260844095|0
89160847270|0
89167103522|0
89671123490|0
89266196442|0
89119825641|0
89250831838|0
89686470751|0
89262318089|0
89037790972|0
89036677233|0
89162945476|0
89258380260|0
89299150171|0
89031945661|0
89269679255|0
89269588828|0
89254555177|0
89265554250|0
89253761387|0
89261338612|0
89166157010|0
89687466890|0
89258786839|0
89261341938|0
89859676917|0
89261986785|0
89262441093|0
89646326404|0
89629103979|0
89037386513|0
89032569502|0
89265896242|0
89037277931|0
89032972760|0
89851588478|0
89252278217|0
89267541229|0
89262369225|0
89067223254|0
89067223254|0
89852632303|0
89055943289|0
89260215389|0
89295399698|0
89031314484|0
89099297347|0
89263892330|0
89661881001|0
89055029699|0
89263000688|0
89260208483|0
89269601875|0
89637728002|0
89854444311|0
89257144769|0
89099939800|0
89262634898|0
89032878101|0
89296192584|0
89856388471|0
89261173680|0
89250250020|0
89060387449|0
89031963636|0
89264058458|0
89096208881|0
89268953555|0
89859948000|0
89165609455|0
89152066425|0
89160804268|0
89263093591|0
89253751832|0
89032091086|0
89654086382|0
89060484815|0
89858314392|0
89689437206|0
89265911274|0
89267807670|0
89295904408|0
89637701379|0
89258567357|0
89267147989|0
89255258123|0
89067505217|0
89636266528|0
89263435896|0
89031205886|0
89261430599|0
89652066553|0
89645522237|0
89269668596|0
89267571154|0
89295040590|0
89266354563|0
89264264648|0
89264462216|0
89299000711|0
89060433113|0
89035754250|0
89637254388|0
89637701378|0
89162607904|0
89258854292|0
89197732412|0
89169765168|0
89264118278|0
89104254700|0
89264318765|0
89637233852|0
89851619432|0
89163270208|0
89250428119|0
89250465518|0
89055967878|0
89685131515|0
89670646130|0
89262212077|0
89687588776|0
89258611457|0
89265945183|0
89647007589|0
89108391905|0
89209571933|0
89164977936|0
89037813093|0
89268667250|0
89169985629|0
89258562323|0
89653129050|0
89672431620|0
89265621833|0
89265288068|0
89166001991|0
89155146232|0
89265902837|0
89250522574|0
89510804802|0
89253114007|0
89175180506|0
89160868960|0
89153698564|0
89257197077|0
89261699776|0
89651894959|0
89099527053|0
89257095503|0
89268858415|0
89295453181|0
89260825345|0
89208004919|0
89670126602|0
89169008749|0
89104632557|0
89033357983|0
89057503311|0
89150069992|0
89169074115|0
89175663385|0
89037666630|0
89295274038|0
89263574935|0
89637710224|0
89037551791|0
89637703416|0
89264683899|0
89152372792|0
89263376334|0
89161016905|0
89652182980|0
89646301454|0
89260737809|0
89039670198|0
89262706443|0
89260345699|0
89654219200|0
89261179249|0
89264942036|0
89264999676|0
89057740362|0
89057210218|0
89151438623|0
89852941899|0
89686509911|0
89858950670|0
89099186817|0
89035321420|0
89265440192|0
89096824047|0
89851224446|0
89645651001|0
89175525924|0
89637703968|0
89851548759|0
89162604405|0
89258281995|0
89685580050|0
89851410607|0
89150399266|0
89150399266|0
89037838043|0
89671295648|0
89152284006|0
89859961289|0
89163563978|0
89296411068|0
89055429490|0
89253007339|0
89161394003|0
89060424159|0
89267775523|0
89254553527|0
89253555260|0
89254204208|0
89262648206|0
89646296553|0
89264021044|0
89057697175|0
89261005838|0
89637727718|0
89253112744|0
89266774777|0
89252850094|0
89260662444|0
89154149636|0
89150614383|0
89269252809|0
89175574577|0
89859156749|0
89152969484|0
89263594861|0
89261265891|0
89266550501|0
89296647226|0
89069046240|0
89067046240|0
89153785360|0
89067223105|0
89263125578|0
89852170823|0
89263040751|0
89258300870|0
89151306105|0
89057176396|0
89032814253|0
89161308045|0
89262627281|0
89197237025|0
89175514976|0
89165817453|0
89251709326|0
89263199625|0
89165078057|0
89645332845|0
89261575959|0
89036733221|0
89258377327|0
89852021796|0
89262678482|0
89857828332|0
89651970862|0
89257203277|0
89166980879|0
89153374011|0
89261530264|0
89250702199|0
89104599975|0
89265779158|0
89857270160|0
89261377224|0
89604469192|0
89166977309|0
89267237199|0
89267237199|0
8926 763 30|0
89060395187|0
89653677709|0
89264757939|0
89162874901|0
89265819491|0
89164837759|0
89639230776|0
89262678849|0
89252250180|0
89260210240|0
89252292745|0
89250732434|0
89637710227|0
89206769124|0
89031123953|0
89671233571|0
89252616640|0
89268993228|0
89858178700|0
89670787982|0
89266472807|0
89055892744|0
89637701374|0
89265484681|0
89263551916|0
89263995922|0
89035588191|0
89645614308|0
89096530332|0
89099714499|0
89262211917|0
89096575478|0
89261526760|0
89057619468|0
89104494034|0
89636349258|0
89164030829|0
89266992247|0
89057734274|0
89639629531|0
89060476101|0
89647614188|0
89605408574|0
89151350609|0
89265607470|0
89031013763|0
89295371867|0
89060330383|0
89265370826|0
89261469378|0
89055815059|0
89253378455|0
89261962256|0
89057560598|0
89258681400|0
89265920151|0
89032606359|0
89264061838|0
89857884041|0
89254112999|0
89162690263|0
89057019669|0
89857725382|0
89099339624|0
89268234076|0
89060686605|0
89851563325|0
89261348134|0
89637755773|0
89268814161|0
89672909229|0
89263757108|0
89263617186|0
89267369638|0
89645514523|0
89269401457|0
89166056022|0
89296263132|0
89264215668|0
89165086425|0
89652152230|0
89261467995|0
89153997945|0
89651557271|0
89199965411|0
89250584813|0
89032934580|0
89261550947|0
89108588016|0
89104369286|0
89031295932|0
89165489733|0
89266580758|0
89269587401|0
89260071512|0
89671153656|0
89152776506|0
89261609515|0
89099011846|0
89637181331|0
89032854401|0
89260406383|0
89164704373|0
89057008361|0
89265727987|0
89258248858|0
89670363138|0
89299238260|0
89099281001|0
89250277631|0
89645514406|0
89261756341|0
89651342909|0
89266106676|0
89264537831|0
89653634816|0
89269102000|0
89055207753|0
89265357235|0
89296306405|0
89629350969|0
89299409109|0
89032074719|0
89267039240|0
89067067674|0
89652763080|0
89671453182|0
89637702339|0
89037270747|0
89067504485|0
89262246715|0
89165080507|0
89651403219|0
89295446962|0
89096639416|0
89101624850|0
89853810310|0
89263071821|0
89169069029|0
89162420813|0
89151020278|0
89653150726|0
89637723337|0
89055034501|0
89670040469|0
89161896939|0
89645054589|0
89265857180|0
89265894684|0
89250425396|0
89266166483|0
89264381484|0
89265293824|0
89067857717|0
89055427808|0
89269970103|0
89032741375|0
89299311354|0
89647263879|0
89152397785|0
89647954337|0
89164633814|0
89032184432|0
89055897213|0
89032940828|0
89032919285|0
89637701848|0
89032125243|0
89268901979|0
89264290580|0
89267275898|0
89152396222|0
89265376251|0
89031189373|0
89651470885|0
89154544131|0
89262722485|0
89637217609|0
89152218862|0
89254693701|0
89852126139|0
89175652195|0
89060567874|0
89265744474|0
89261796118|0
89055624142|0
89256247150|0
89167805026|0
89035461840|0
89057934887|0
89030031083|0
89268451134|0
89164336961|0
89265690947|0
89060312904|0
89265455644|0
89265914905|0
89852824403|0
89104843418|0
89263853040|0
89060392166|0
89261370504|0
89852726862|0
89258856515|0
89032800987|0
89266919250|0
89295082185|0
89261910849|0
89067932705|0
89636227175|0
89169601921|0
89295903794|0
89166367774|0
89067993148|0
89261308452|0
89032491880|0
89265989223|0
89262474705|0
89153469212|0
89262229260|0
89055930563|0
89296843567|0
89250555175|0
89262231125|0
89267774338|0
89647841978|0
89169418780|0
89250340189|0
89250420863|0
89175718389|0
89262587564|0
89057055093|0
89653740215|0
89262005954|0
89163352825|0
89257934149|0
89162880502|0
89167709320|0
89250553279|0
89055540941|0
89032675579|0
89261096578|0
89652313703|0
89637704209|0
89099117231|0
89067223207|0
89151153835|0
89269292952|0
89636969603|0
89153012424|0
89032074093|0
89153078619|0
