89150090711|0
89154667447|0
89266665239|0
89250444184|0
89263903288|0
89258271876|0
89263475823|0
89255221297|0
89779773552|0
89651967602|0
89035313725|0
89269362826|0
89034765849|0
89689575804|0
89057617676|0
89258056736|0
89161391631|0
89165597643|0
89175033388|0
89296760069|0
89266030275|0
89639944294|0
89295220948|0
89151374980|0
89261702073|0
89257001034|0
89055020313|0
89266131523|0
89162336837|0
89031108332|0
89267359956|0
89250313201|0
89296731203|0
89672966900|0
89160972212|0
89299090200|0
89163700569|0
89261614605|0
89998157433|0
89777331573|0
89266290618|0
89263542767|0
89263151942|0
89033183883|0
89261848186|0
89263484450|0
89057887519|0
89671662726|0
89263985239|0
89260342581|0
89164534995|0
89268199692|0
89268763742|0
89687499652|0
89153999921|0
89257394099|0
89251765810|0
89263859397|0
89267172478|0
89264501873|0
89261062474|0
89260203003|0
89265627965|0
89760837565|0
89296844022|0
89296844082|0
89776136592|0
89686654119|0
89265828430|0
89636431978|0
89299064969|0
89060368980|0
89647846960|0
89067324488|0
89037489192|0
89875687067|0
89268327552|0
89266279175|0
89057426323|0
89639955744|0
89036676268|0
89854896944|0
89670052500|0
89267219535|0
89852717108|0
89670009299|0
89772644328|0
89165958739|0
89055895870|0
89647040085|0
89775038802|0
89269853272|0
89099106313|0
89267858874|0
89636289894|0
89680326566|0
89852039446|0
89263542460|0
89266627497|0
89035713106|0
89264478578|0
89647047625|0
89267268013|0
89265669412|0
89250302238|0
89293031034|0
89637710331|0
89689347006|0
89258273482|0
89258839431|0
89057363492|0
89263592400|0
89998096346|0
89776140403|0
89998141427|0
89661084975|0
89260695515|0
89637129398|0
89653451344|0
89265809688|0
89687740951|0
89251643600|0
89031936907|0
89262032606|0
89168651116|0
89257010514|0
89651452529|0
89636287020|0
89295224530|0
89031597889|0
89853638808|0
89266700763|0
89204990218|0
89099507229|0
89099212845|0
89253169568|0
89251258390|0
89263454980|0
89250592997|0
89651016730|0
89269598590|0
89162089158|0
89150325142|0
89267093823|0
89296061191|0
89259152761|0
89851111999|0
89859654940|0
89647201947|0
89163326542|0
89854830408|0
89152365666|0
89263342282|0
89091682304|0
89266480859|0
89162711247|0
89154293854|0
89629771756|0
89269816291|0
89273919974|0
89261306854|0
89269894251|0
89266410497|0
89637701804|0
89653428779|0
89852281888|0
89267253628|0
89255999095|0
89265464186|0
89254837262|0
89030040765|0
89030082009|0
89605077078|0
89030103293|0
89264762228|0
89254653998|0
89267540007|0
89777227424|0
89250610481|0
89099235441|0
89066584888|0
89263373062|0
89168195513|0
89251127233|0
89262663160|0
89645063262|0
89267369293|0
89651209116|0
89250827228|0
89060939272|0
89150399661|0
89151387062|0
89268696351|0
89060350703|0
89296780614|0
89167096053|0
89268481958|0
89032332205|0
89262542747|0
89671263379|0
89163592416|0
89269863494|0
89680818171|0
89153502284|0
89652767473|0
89265332100|0
89651866563|0
89295677189|0
89680851126|0
89261841217|0
89262897774|0
89250699146|0
89629558355|0
89637728762|0
89266863400|0
89689614486|0
89296104484|0
89296496618|0
89295537400|0
89683727090|0
89105468051|0
89163003344|0
89295954643|0
89651205662|0
89163951105|0
89262467469|0
89262216114|0
89652748929|0
89265802114|0
89150328034|0
89295974835|0
89167738077|0
89295723225|0
89268485912|0
89250405961|0
89264528180|0
89104957468|0
89265429036|0
89645536160|0
89637710384|0
89859164000|0
89160929009|0
89269679029|0
89261690215|0
89852139648|0
89031714618|0
89814675376|0
89296752491|0
89031454284|0
89164899037|0
89167767378|0
89175952695|0
89252781899|0
89150134103|0
89252027422|0
89263932153|0
89261049955|0
89266124556|0
89265745394|0
89269274050|0
89266743638|0
89055979330|0
89266270176|0
89015263110|0
89031763868|0
89263143193|0
89651791193|0
89261838014|0
89151848584|0
89067505109|0
89160595386|0
89269675689|0
89263929921|0
89856952300|0
89065336740|0
89295654101|0
89643198675|0
89680369333|0
89267227511|0
89661207882|0
89091201993|0
89265500336|0
89652889539|0
89689907297|0
89266990407|0
89263480737|0
89153290165|0
89852106295|0
89268949005|0
89031395129|0
89255929985|0
89263441275|0
89030072969|0
89255653292|0
89637647563|0
89685482878|0
89670470728|0
89264641436|0
89262650606|0
89264172428|0
89269829088|0
89263927338|0
89654238551|0
89252592646|0
89773802682|0
89265251940|0
89663263965|0
89269011116|0
89262580498|0
89259318178|0
89267867867|0
89670857678|0
89637729934|0
89151842709|0
89266064389|0
89269209020|0
89853449204|0
89686671042|0
89267336344|0
89267836156|0
89296783537|0
89037622685|0
89264814247|0
89266262215|0
89032021818|0
89255698650|0
89268939068|0
89296233491|0
89672859993|0
89647875989|0
89266382602|0
89267149576|0
89165563236|0
89671400012|0
89266640669|0
89686026878|0
89772646104|0
89265642069|0
89269192334|0
89252166272|0
89265920134|0
89039061472|0
89852417591|0
89261405526|0
89264473008|0
89055317610|0
89057198595|0
89261409402|0
89037342923|0
89636259594|0
89252965007|0
89263909518|0
89161718369|0
89852150895|0
89152998963|0
89035973149|0
89261732620|0
89644074645|0
89296306197|0
89689881484|0
89998057575|0
89998075757|0
89169153413|0
89637709274|0
89057396567|0
89858507565|0
89256000869|0
89852986358|0
89653658644|0
89687050778|0
89258209098|0
89057698523|0
89671353754|0
89852039866|0
89162817437|0
89663271589|0
89637720885|0
89258571352|0
89265799311|0
89645280882|0
89265465563|0
89186345065|0
89253805637|0
89251280088|0
89264414040|0
89168208344|0
89262569702|0
89032934820|0
89162489412|0
89686404766|0
89266163961|0
89295334140|0
89099900088|0
89263591310|0
89647083310|0
89060341464|0
89035982575|0
89264089597|0
89653894981|0
89067659643|0
89267335073|0
89166200095|0
89263632445|0
89257120529|0
89152466952|0
89636184136|0
89169300899|0
89067062015|0
89163592844|0
89166179873|0
89258504779|0
89651585081|0
89637707723|0
89851246510|0
89663221015|0
89856481531|0
89099937502|0
89856966569|0
89266284366|0
89268903762|0
89266590366|0
89629297113|0
89253126626|0
89060548853|0
89263479424|0
89169613390|0
89254433775|0
89639242831|0
89031559401|0
89255968702|0
89153888833|0
89162742385|0
89251946434|0
89299106320|0
89265493005|0
89252019442|0
89262473387|0
89265645040|0
89263234070|0
89296778100|0
89260204667|0
89853697544|0
89152303037|0
89152942717|0
89267010087|0
89163051154|0
89037488447|0
89175679936|0
89055186968|0
89167524425|0
89197867606|0
89266822465|0
89269587422|0
89255245872|0
89160074099|0
89268510628|0
89250731384|0
89035784005|0
89296495926|0
89055194215|0
89637711314|0
89653885672|0
89261919458|0
89055978287|0
89252631025|0
89264701346|0
89851993995|0
89175854681|0
89251461361|0
89269494000|0
89262357989|0
89686566255|0
89265693156|0
89256276260|0
89032932804|0
89853332446|0
89265506667|0
89671918487|0
89258950239|0
89295734336|0
89853017489|0
89265799557|0
89856677375|0
89031820922|0
89998380576|0
89263537974|0
89099217424|0
89654380553|0
89296663555|0
89856955548|0
89153652256|0
89067864588|0
89264334383|0
89856974778|0
89161692017|0
89265696628|0
89035362876|0
89104389996|0
89629081672|0
89099908932|0
89057129360|0
89263350027|0
89261897755|0
89263568725|0
89267037610|0
89250676143|0
89067258852|0
89296383746|0
89167407048|0
89261999369|0
89637727757|0
89169671049|0
89037895805|0
89295458272|0
89160699940|0
89268205809|0
89261315518|0
89168853446|0
89660999946|0
89268450947|0
89858584840|0
89260523254|0
89151138141|0
89680274253|0
89852431558|0
89264718300|0
89265885683|0
89296137696|0
89261699644|0
89269289276|0
89295111149|0
89055616661|0
89166263931|0
89162785037|0
89036840750|0
89299303595|0
89263000958|0
89259241003|0
89264944124|0
89057348450|0
89607326702|0
89608281132|0
89257397424|0
89099217559|0
89269367176|0
89852039609|0
89161861790|0
89263884416|0
89250672959|0
89268848844|0
89261421192|0
89261261032|0
89262090989|0
89262668935|0
89257206905|0
89629921691|0
89268489864|0
89637709442|0
89154343037|0
89252851760|0
89652540730|0
89150367338|0
89295995258|0
89031011353|0
89035766660|0
89250905854|0
89160981954|0
89296355529|0
89168891736|0
89152859488|0
89261783629|0
89252584323|0
89299857183|0
89637724849|0
89267249678|0
89269673475|0
89646399111|0
89264958996|0
89100153016|0
89654430720|0
89104818305|0
89260468369|0
89055356934|0
89295830233|0
89252862876|0
89036705596|0
89265158221|0
89032557157|0
89652658355|0
89267884966|0
89684377334|0
89253373225|0
89634049972|0
89689755716|0
89651066025|0
89265470323|0
89268443758|0
89264526895|0
89670511191|0
89620863951|0
89295453735|0
89661376161|0
89264035250|0
89160174216|0
89652697227|0
89261776138|0
89099081655|0
89651106859|0
89250535268|0
89254826636|0
89099933346|0
89998274868|0
89168309165|0
89150114005|0
89684600340|0
89251125713|0
89055271081|0
89637702321|0
89680816661|0
89261830772|0
89161517229|0
89253577704|0
89266390494|0
89163088767|0
89267849430|0
89060729046|0
89671401026|0
89688262350|0
89637720339|0
89263893883|0
89261595449|0
89260654182|0
89637701856|0
89253269994|0
89263880252|0
89060966133|0
89259235545|0
89252629120|0
89265529002|0
89267670101|0
89295666496|0
89259141762|0
89269656988|0
89267011872|0
89055621312|0
89652957670|0
89296105182|0
89651530911|0
89859264711|0
89637705852|0
89671084817|0
89261304867|0
89168858097|0
89099530902|0
89854912417|0
89031987929|0
89623694304|0
89162010651|0
89296607269|0
89299671027|0
89637725019|0
89852399523|0
89104246943|0
89259149420|0
89629910095|0
89039785879|0
89265924556|0
89637643009|0
89266463757|0
89261363384|0
89267545217|0
89263182444|0
89680689483|0
89168335535|0
89258632851|0
89057645171|0
89263818147|0
89036822215|0
89060973902|0
89267529578|0
89262824963|0
89067834499|0
89260801271|0
89261079981|0
89299265785|0
89037693143|0
89261847811|0
89263044445|0
89260537855|0
89251981850|0
89611517996|0
89653405374|0
89261955659|0
89261387837|0
89267363533|0
89672963312|0
89167437762|0
89852942259|0
89637711319|0
89164860963|0
89037704670|0
89671586727|0
89055368151|0
89670662761|0
89680918270|0
89686671698|0
89261556513|0
89036638655|0
89252040606|0
89269904492|0
89263970720|0
89299777289|0
89055355581|0
89660378019|0
89031229903|0
89633605958|0
89175797878|0
89165752814|0
89262642191|0
89265670066|0
89851574154|0
89057977597|0
89261064871|0
89857937162|0
89250675726|0
89254826528|0
89262094315|0
89254621300|0
89854252751|0
89265499291|0
89256180108|0
89265486904|0
89299390323|0
89251326756|0
89253681415|0
89264249829|0
89252760576|0
89091661511|0
89263151050|0
89295057579|0
89037113226|0
89858985002|0
89267011747|0
89261554351|0
89853058814|0
89670744445|0
89035304185|0
89266581985|0
89259118385|0
89637711135|0
89258034849|0
89067997454|0
89037576981|0
89264481006|0
89264613973|0
89255616363|0
89015496410|0
89253734442|0
89653852013|0
89260332695|0
89263973414|0
89268215496|0
89852184311|0
89645756744|0
89258200123|0
89661953319|0
89653172876|0
89663081522|0
89152940750|0
89629050634|0
89251206541|0
89265228260|0
89857571496|0
89067864050|0
89250827224|0
89150856492|0
89154940080|0
89067747003|0
89032302570|0
89035974351|0
89265306245|0
89169028299|0
89637702388|0
89261021653|0
89036217277|0
89100098257|0
89169131411|0
89858848124|0
89261346138|0
89268828851|0
89637727807|0
89636287877|0
89160014828|0
89261066609|0
89659470556|0
89637723000|0
89253205890|0
89684352498|0
89265544872|0
89165598319|0
89263931807|0
